0	1
0.0314159	0.999507
0.0628319	0.998027
0.0942478	0.995562
0.125664	0.992115
0.15708	0.987688
0.188496	0.982287
0.219911	0.975917
0.251327	0.968583
0.282743	0.960294
0.314159	0.951057
0.345575	0.940881
0.376991	0.929776
0.408407	0.917755
0.439823	0.904827
0.471239	0.891007
0.502655	0.876307
0.534071	0.860742
0.565487	0.844328
0.596903	0.827081
0.628319	0.809017
0.659734	0.790155
0.69115	0.770513
0.722566	0.750111
0.753982	0.728969
0.785398	0.707107
0.816814	0.684547
0.84823	0.661312
0.879646	0.637424
0.911062	0.612907
0.942478	0.587785
0.973894	0.562083
1.00531	0.535827
1.03673	0.509041
1.06814	0.481754
1.09956	0.45399
1.13097	0.425779
1.16239	0.397148
1.19381	0.368125
1.22522	0.338738
1.25664	0.309017
1.28805	0.278991
1.31947	0.24869
1.35088	0.218143
1.3823	0.187381
1.41372	0.156434
1.44513	0.125333
1.47655	0.0941083
1.50796	0.0627905
1.53938	0.0314108
1.5708	-1.60812e-16
1.60221	-0.0314108
1.63363	-0.0627905
1.66504	-0.0941083
1.69646	-0.125333
1.72788	-0.156434
1.75929	-0.187381
1.79071	-0.218143
1.82212	-0.24869
1.85354	-0.278991
1.88496	-0.309017
1.91637	-0.338738
1.94779	-0.368125
1.9792	-0.397148
2.01062	-0.425779
2.04204	-0.45399
2.07345	-0.481754
2.10487	-0.509041
2.13628	-0.535827
2.1677	-0.562083
2.19911	-0.587785
2.23053	-0.612907
2.26195	-0.637424
2.29336	-0.661312
2.32478	-0.684547
2.35619	-0.707107
2.38761	-0.728969
2.41903	-0.750111
2.45044	-0.770513
2.48186	-0.790155
2.51327	-0.809017
2.54469	-0.827081
2.57611	-0.844328
2.60752	-0.860742
2.63894	-0.876307
2.67035	-0.891007
2.70177	-0.904827
2.73319	-0.917755
2.7646	-0.929776
2.79602	-0.940881
2.82743	-0.951057
2.85885	-0.960294
2.89027	-0.968583
2.92168	-0.975917
2.9531	-0.982287
2.98451	-0.987688
3.01593	-0.992115
3.04734	-0.995562
3.07876	-0.998027
3.11018	-0.999507
3.14159	-1
3.17301	-0.999507
3.20442	-0.998027
3.23584	-0.995562
3.26726	-0.992115
3.29867	-0.987688
3.33009	-0.982287
3.3615	-0.975917
3.39292	-0.968583
3.42434	-0.960294
3.45575	-0.951057
3.48717	-0.940881
3.51858	-0.929776
3.55	-0.917755
3.58142	-0.904827
3.61283	-0.891007
3.64425	-0.876307
3.67566	-0.860742
3.70708	-0.844328
3.7385	-0.827081
3.76991	-0.809017
3.80133	-0.790155
3.83274	-0.770513
3.86416	-0.750111
3.89557	-0.728969
3.92699	-0.707107
3.95841	-0.684547
3.98982	-0.661312
4.02124	-0.637424
4.05265	-0.612907
4.08407	-0.587785
4.11549	-0.562083
4.1469	-0.535827
4.17832	-0.509041
4.20973	-0.481754
4.24115	-0.45399
4.27257	-0.425779
4.30398	-0.397148
4.3354	-0.368125
4.36681	-0.338738
4.39823	-0.309017
4.42965	-0.278991
4.46106	-0.24869
4.49248	-0.218143
4.52389	-0.187381
4.55531	-0.156434
4.58673	-0.125333
4.61814	-0.0941083
4.64956	-0.0627905
4.68097	-0.0314108
4.71239	-1.83697e-16
4.7438	0.0314108
4.77522	0.0627905
4.80664	0.0941083
4.83805	0.125333
4.86947	0.156434
4.90088	0.187381
4.9323	0.218143
4.96372	0.24869
4.99513	0.278991
5.02655	0.309017
5.05796	0.338738
5.08938	0.368125
5.1208	0.397148
5.15221	0.425779
5.18363	0.45399
5.21504	0.481754
5.24646	0.509041
5.27788	0.535827
5.30929	0.562083
5.34071	0.587785
5.37212	0.612907
5.40354	0.637424
5.43496	0.661312
5.46637	0.684547
5.49779	0.707107
5.5292	0.728969
5.56062	0.750111
5.59203	0.770513
5.62345	0.790155
5.65487	0.809017
5.68628	0.827081
5.7177	0.844328
5.74911	0.860742
5.78053	0.876307
5.81195	0.891007
5.84336	0.904827
5.87478	0.917755
5.90619	0.929776
5.93761	0.940881
5.96903	0.951057
6.00044	0.960294
6.03186	0.968583
6.06327	0.975917
6.09469	0.982287
6.12611	0.987688
6.15752	0.992115
6.18894	0.995562
6.22035	0.998027
6.25177	0.999507
6.28319	1
6.3146	0.999507
6.34602	0.998027
6.37743	0.995562
6.40885	0.992115
6.44026	0.987688
6.47168	0.982287
6.5031	0.975917
6.53451	0.968583
6.56593	0.960294
6.59734	0.951057
6.62876	0.940881
6.66018	0.929776
6.69159	0.917755
6.72301	0.904827
6.75442	0.891007
6.78584	0.876307
6.81726	0.860742
6.84867	0.844328
6.88009	0.827081
6.9115	0.809017
6.94292	0.790155
6.97434	0.770513
7.00575	0.750111
7.03717	0.728969
7.06858	0.707107
7.1	0.684547
7.13142	0.661312
7.16283	0.637424
7.19425	0.612907
7.22566	0.587785
7.25708	0.562083
7.28849	0.535827
7.31991	0.509041
7.35133	0.481754
7.38274	0.45399
7.41416	0.425779
7.44557	0.397148
7.47699	0.368125
7.50841	0.338738
7.53982	0.309017
7.57124	0.278991
7.60265	0.24869
7.63407	0.218143
7.66549	0.187381
7.6969	0.156434
7.72832	0.125333
7.75973	0.0941083
7.79115	0.0627905
7.82257	0.0314108
7.85398	-5.82017e-16
7.8854	-0.0314108
7.91681	-0.0627905
7.94823	-0.0941083
7.97965	-0.125333
8.01106	-0.156434
8.04248	-0.187381
8.07389	-0.218143
8.10531	-0.24869
8.13672	-0.278991
8.16814	-0.309017
8.19956	-0.338738
8.23097	-0.368125
8.26239	-0.397148
8.2938	-0.425779
8.32522	-0.45399
8.35664	-0.481754
8.38805	-0.509041
8.41947	-0.535827
8.45088	-0.562083
8.4823	-0.587785
8.51372	-0.612907
8.54513	-0.637424
8.57655	-0.661312
8.60796	-0.684547
8.63938	-0.707107
8.6708	-0.728969
8.70221	-0.750111
8.73363	-0.770513
8.76504	-0.790155
8.79646	-0.809017
8.82788	-0.827081
8.85929	-0.844328
8.89071	-0.860742
8.92212	-0.876307
8.95354	-0.891007
8.98495	-0.904827
9.01637	-0.917755
9.04779	-0.929776
9.0792	-0.940881
9.11062	-0.951057
9.14203	-0.960294
9.17345	-0.968583
9.20487	-0.975917
9.23628	-0.982287
9.2677	-0.987688
9.29911	-0.992115
9.33053	-0.995562
9.36195	-0.998027
9.39336	-0.999507
9.42478	-1
9.45619	-0.999507
9.48761	-0.998027
9.51903	-0.995562
9.55044	-0.992115
9.58186	-0.987688
9.61327	-0.982287
9.64469	-0.975917
9.67611	-0.968583
9.70752	-0.960294
9.73894	-0.951057
9.77035	-0.940881
9.80177	-0.929776
9.83319	-0.917755
9.8646	-0.904827
9.89602	-0.891007
9.92743	-0.876307
9.95885	-0.860742
9.99026	-0.844328
10.0217	-0.827081
10.0531	-0.809017
10.0845	-0.790155
10.1159	-0.770513
10.1473	-0.750111
10.1788	-0.728969
10.2102	-0.707107
10.2416	-0.684547
10.273	-0.661312
10.3044	-0.637424
10.3358	-0.612907
10.3673	-0.587785
10.3987	-0.562083
10.4301	-0.535827
10.4615	-0.509041
10.4929	-0.481754
10.5243	-0.45399
10.5558	-0.425779
10.5872	-0.397148
10.6186	-0.368125
10.65	-0.338738
10.6814	-0.309017
10.7128	-0.278991
10.7442	-0.24869
10.7757	-0.218143
10.8071	-0.187381
10.8385	-0.156434
10.8699	-0.125333
10.9013	-0.0941083
10.9327	-0.0627905
10.9642	-0.0314108
10.9956	1.34773e-15
11.027	0.0314108
11.0584	0.0627905
11.0898	0.0941083
11.1212	0.125333
11.1527	0.156434
11.1841	0.187381
11.2155	0.218143
11.2469	0.24869
11.2783	0.278991
11.3097	0.309017
11.3411	0.338738
11.3726	0.368125
11.404	0.397148
11.4354	0.425779
11.4668	0.45399
11.4982	0.481754
11.5296	0.509041
11.5611	0.535827
11.5925	0.562083
11.6239	0.587785
11.6553	0.612907
11.6867	0.637424
11.7181	0.661312
11.7496	0.684547
11.781	0.707107
11.8124	0.728969
11.8438	0.750111
11.8752	0.770513
11.9066	0.790155
11.9381	0.809017
11.9695	0.827081
12.0009	0.844328
12.0323	0.860742
12.0637	0.876307
12.0951	0.891007
12.1265	0.904827
12.158	0.917755
12.1894	0.929776
12.2208	0.940881
12.2522	0.951057
12.2836	0.960294
12.315	0.968583
12.3465	0.975917
12.3779	0.982287
12.4093	0.987688
12.4407	0.992115
12.4721	0.995562
12.5035	0.998027
12.535	0.999507
12.5664	1
12.5978	0.999507
12.6292	0.998027
12.6606	0.995562
12.692	0.992115
12.7235	0.987688
12.7549	0.982287
12.7863	0.975917
12.8177	0.968583
12.8491	0.960294
12.8805	0.951057
12.9119	0.940881
12.9434	0.929776
12.9748	0.917755
13.0062	0.904827
13.0376	0.891007
13.069	0.876307
13.1004	0.860742
13.1319	0.844328
13.1633	0.827081
13.1947	0.809017
13.2261	0.790155
13.2575	0.770513
13.2889	0.750111
13.3204	0.728969
13.3518	0.707107
13.3832	0.684547
13.4146	0.661312
13.446	0.637424
13.4774	0.612907
13.5088	0.587785
13.5403	0.562083
13.5717	0.535827
13.6031	0.509041
13.6345	0.481754
13.6659	0.45399
13.6973	0.425779
13.7288	0.397148
13.7602	0.368125
13.7916	0.338738
13.823	0.309017
13.8544	0.278991
13.8858	0.24869
13.9173	0.218143
13.9487	0.187381
13.9801	0.156434
14.0115	0.125333
14.0429	0.0941083
14.0743	0.0627905
14.1058	0.0314108
14.1372	-1.22527e-15
14.1686	-0.0314108
14.2	-0.0627905
14.2314	-0.0941083
14.2628	-0.125333
14.2942	-0.156434
14.3257	-0.187381
14.3571	-0.218143
14.3885	-0.24869
14.4199	-0.278991
14.4513	-0.309017
14.4827	-0.338738
14.5142	-0.368125
14.5456	-0.397148
14.577	-0.425779
14.6084	-0.45399
14.6398	-0.481754
14.6712	-0.509041
14.7027	-0.535827
14.7341	-0.562083
14.7655	-0.587785
14.7969	-0.612907
14.8283	-0.637424
14.8597	-0.661312
14.8911	-0.684547
14.9226	-0.707107
14.954	-0.728969
14.9854	-0.750111
15.0168	-0.770513
15.0482	-0.790155
15.0796	-0.809017
15.1111	-0.827081
15.1425	-0.844328
15.1739	-0.860742
15.2053	-0.876307
15.2367	-0.891007
15.2681	-0.904827
15.2996	-0.917755
15.331	-0.929776
15.3624	-0.940881
15.3938	-0.951057
15.4252	-0.960294
15.4566	-0.968583
15.4881	-0.975917
15.5195	-0.982287
15.5509	-0.987688
15.5823	-0.992115
15.6137	-0.995562
15.6451	-0.998027
15.6765	-0.999507
15.708	-1
15.7394	-0.999507
15.7708	-0.998027
15.8022	-0.995562
15.8336	-0.992115
15.865	-0.987688
15.8965	-0.982287
15.9279	-0.975917
15.9593	-0.968583
15.9907	-0.960294
16.0221	-0.951057
16.0535	-0.940881
16.085	-0.929776
16.1164	-0.917755
16.1478	-0.904827
16.1792	-0.891007
16.2106	-0.876307
16.242	-0.860742
16.2734	-0.844328
16.3049	-0.827081
16.3363	-0.809017
16.3677	-0.790155
16.3991	-0.770513
16.4305	-0.750111
16.4619	-0.728969
16.4934	-0.707107
16.5248	-0.684547
16.5562	-0.661312
16.5876	-0.637424
16.619	-0.612907
16.6504	-0.587785
16.6819	-0.562083
16.7133	-0.535827
16.7447	-0.509041
16.7761	-0.481754
16.8075	-0.45399
16.8389	-0.425779
16.8704	-0.397148
16.9018	-0.368125
16.9332	-0.338738
16.9646	-0.309017
16.996	-0.278991
17.0274	-0.24869
17.0588	-0.218143
17.0903	-0.187381
17.1217	-0.156434
17.1531	-0.125333
17.1845	-0.0941083
17.2159	-0.0627905
17.2473	-0.0314108
17.2788	1.1028e-15
17.3102	0.0314108
17.3416	0.0627905
17.373	0.0941083
17.4044	0.125333
17.4358	0.156434
17.4673	0.187381
17.4987	0.218143
17.5301	0.24869
17.5615	0.278991
17.5929	0.309017
17.6243	0.338738
17.6558	0.368125
17.6872	0.397148
17.7186	0.425779
17.75	0.45399
17.7814	0.481754
17.8128	0.509041
17.8442	0.535827
17.8757	0.562083
17.9071	0.587785
17.9385	0.612907
17.9699	0.637424
18.0013	0.661312
18.0327	0.684547
18.0642	0.707107
18.0956	0.728969
18.127	0.750111
18.1584	0.770513
18.1898	0.790155
18.2212	0.809017
18.2527	0.827081
18.2841	0.844328
18.3155	0.860742
18.3469	0.876307
18.3783	0.891007
18.4097	0.904827
18.4411	0.917755
18.4726	0.929776
18.504	0.940881
18.5354	0.951057
18.5668	0.960294
18.5982	0.968583
18.6296	0.975917
18.6611	0.982287
18.6925	0.987688
18.7239	0.992115
18.7553	0.995562
18.7867	0.998027
18.8181	0.999507
18.8496	1
18.881	0.999507
18.9124	0.998027
18.9438	0.995562
18.9752	0.992115
19.0066	0.987688
19.0381	0.982287
19.0695	0.975917
19.1009	0.968583
19.1323	0.960294
19.1637	0.951057
19.1951	0.940881
19.2265	0.929776
19.258	0.917755
19.2894	0.904827
19.3208	0.891007
19.3522	0.876307
19.3836	0.860742
19.415	0.844328
19.4465	0.827081
19.4779	0.809017
19.5093	0.790155
19.5407	0.770513
19.5721	0.750111
19.6035	0.728969
19.635	0.707107
19.6664	0.684547
19.6978	0.661312
19.7292	0.637424
19.7606	0.612907
19.792	0.587785
19.8234	0.562083
19.8549	0.535827
19.8863	0.509041
19.9177	0.481754
19.9491	0.45399
19.9805	0.425779
20.0119	0.397148
20.0434	0.368125
20.0748	0.338738
20.1062	0.309017
20.1376	0.278991
20.169	0.24869
20.2004	0.218143
20.2319	0.187381
20.2633	0.156434
20.2947	0.125333
20.3261	0.0941083
20.3575	0.0627905
20.3889	0.0314108
20.4204	-9.80336e-16
20.4518	-0.0314108
20.4832	-0.0627905
20.5146	-0.0941083
20.546	-0.125333
20.5774	-0.156434
20.6088	-0.187381
20.6403	-0.218143
20.6717	-0.24869
20.7031	-0.278991
20.7345	-0.309017
20.7659	-0.338738
20.7973	-0.368125
20.8288	-0.397148
20.8602	-0.425779
20.8916	-0.45399
20.923	-0.481754
20.9544	-0.509041
20.9858	-0.535827
21.0173	-0.562083
21.0487	-0.587785
21.0801	-0.612907
21.1115	-0.637424
21.1429	-0.661312
21.1743	-0.684547
21.2058	-0.707107
21.2372	-0.728969
21.2686	-0.750111
21.3	-0.770513
21.3314	-0.790155
21.3628	-0.809017
21.3942	-0.827081
21.4257	-0.844328
21.4571	-0.860742
21.4885	-0.876307
21.5199	-0.891007
21.5513	-0.904827
21.5827	-0.917755
21.6142	-0.929776
21.6456	-0.940881
21.677	-0.951057
21.7084	-0.960294
21.7398	-0.968583
21.7712	-0.975917
21.8027	-0.982287
21.8341	-0.987688
21.8655	-0.992115
21.8969	-0.995562
21.9283	-0.998027
21.9597	-0.999507
21.9911	-1
22.0226	-0.999507
22.054	-0.998027
22.0854	-0.995562
22.1168	-0.992115
22.1482	-0.987688
22.1796	-0.982287
22.2111	-0.975917
22.2425	-0.968583
22.2739	-0.960294
22.3053	-0.951057
22.3367	-0.940881
22.3681	-0.929776
22.3996	-0.917755
22.431	-0.904827
22.4624	-0.891007
22.4938	-0.876307
22.5252	-0.860742
22.5566	-0.844328
22.5881	-0.827081
22.6195	-0.809017
22.6509	-0.790155
22.6823	-0.770513
22.7137	-0.750111
22.7451	-0.728969
22.7765	-0.707107
22.808	-0.684547
22.8394	-0.661312
22.8708	-0.637424
22.9022	-0.612907
22.9336	-0.587785
22.965	-0.562083
22.9965	-0.535827
23.0279	-0.509041
23.0593	-0.481754
23.0907	-0.45399
23.1221	-0.425779
23.1535	-0.397148
23.185	-0.368125
23.2164	-0.338738
23.2478	-0.309017
23.2792	-0.278991
23.3106	-0.24869
23.342	-0.218143
23.3734	-0.187381
23.4049	-0.156434
23.4363	-0.125333
23.4677	-0.0941083
23.4991	-0.0627905
23.5305	-0.0314108
23.5619	8.57872e-16
23.5934	0.0314108
23.6248	0.0627905
23.6562	0.0941083
23.6876	0.125333
23.719	0.156434
23.7504	0.187381
23.7819	0.218143
23.8133	0.24869
23.8447	0.278991
23.8761	0.309017
23.9075	0.338738
23.9389	0.368125
23.9704	0.397148
24.0018	0.425779
24.0332	0.45399
24.0646	0.481754
24.096	0.509041
24.1274	0.535827
24.1588	0.562083
24.1903	0.587785
24.2217	0.612907
24.2531	0.637424
24.2845	0.661312
24.3159	0.684547
24.3473	0.707107
24.3788	0.728969
24.4102	0.750111
24.4416	0.770513
24.473	0.790155
24.5044	0.809017
24.5358	0.827081
24.5673	0.844328
24.5987	0.860742
24.6301	0.876307
24.6615	0.891007
24.6929	0.904827
24.7243	0.917755
24.7558	0.929776
24.7872	0.940881
24.8186	0.951057
24.85	0.960294
24.8814	0.968583
24.9128	0.975917
24.9442	0.982287
24.9757	0.987688
25.0071	0.992115
25.0385	0.995562
25.0699	0.998027
25.1013	0.999507
25.1327	1
25.1642	0.999507
25.1956	0.998027
25.227	0.995562
25.2584	0.992115
25.2898	0.987688
25.3212	0.982287
25.3527	0.975917
25.3841	0.968583
25.4155	0.960294
25.4469	0.951057
25.4783	0.940881
25.5097	0.929776
25.5411	0.917755
25.5726	0.904827
25.604	0.891007
25.6354	0.876307
25.6668	0.860742
25.6982	0.844328
25.7296	0.827081
25.7611	0.809017
25.7925	0.790155
25.8239	0.770513
25.8553	0.750111
25.8867	0.728969
25.9181	0.707107
25.9496	0.684547
25.981	0.661312
26.0124	0.637424
26.0438	0.612907
26.0752	0.587785
26.1066	0.562083
26.1381	0.535827
26.1695	0.509041
26.2009	0.481754
26.2323	0.45399
26.2637	0.425779
26.2951	0.397148
26.3265	0.368125
26.358	0.338738
26.3894	0.309017
26.4208	0.278991
26.4522	0.24869
26.4836	0.218143
26.515	0.187381
26.5465	0.156434
26.5779	0.125333
26.6093	0.0941083
26.6407	0.0627905
26.6721	0.0314108
26.7035	-7.35407e-16
26.735	-0.0314108
26.7664	-0.0627905
26.7978	-0.0941083
26.8292	-0.125333
26.8606	-0.156434
26.892	-0.187381
26.9234	-0.218143
26.9549	-0.24869
26.9863	-0.278991
27.0177	-0.309017
27.0491	-0.338738
27.0805	-0.368125
27.1119	-0.397148
27.1434	-0.425779
27.1748	-0.45399
27.2062	-0.481754
27.2376	-0.509041
27.269	-0.535827
27.3004	-0.562083
27.3319	-0.587785
27.3633	-0.612907
27.3947	-0.637424
27.4261	-0.661312
27.4575	-0.684547
27.4889	-0.707107
27.5204	-0.728969
27.5518	-0.750111
27.5832	-0.770513
27.6146	-0.790155
27.646	-0.809017
27.6774	-0.827081
27.7088	-0.844328
27.7403	-0.860742
27.7717	-0.876307
27.8031	-0.891007
27.8345	-0.904827
27.8659	-0.917755
27.8973	-0.929776
27.9288	-0.940881
27.9602	-0.951057
27.9916	-0.960294
28.023	-0.968583
28.0544	-0.975917
28.0858	-0.982287
28.1173	-0.987688
28.1487	-0.992115
28.1801	-0.995562
28.2115	-0.998027
28.2429	-0.999507
28.2743	-1
28.3057	-0.999507
28.3372	-0.998027
28.3686	-0.995562
28.4	-0.992115
28.4314	-0.987688
28.4628	-0.982287
28.4942	-0.975917
28.5257	-0.968583
28.5571	-0.960294
28.5885	-0.951057
28.6199	-0.940881
28.6513	-0.929776
28.6827	-0.917755
28.7142	-0.904827
28.7456	-0.891007
28.777	-0.876307
28.8084	-0.860742
28.8398	-0.844328
28.8712	-0.827081
28.9027	-0.809017
28.9341	-0.790155
28.9655	-0.770513
28.9969	-0.750111
29.0283	-0.728969
29.0597	-0.707107
29.0911	-0.684547
29.1226	-0.661312
29.154	-0.637424
29.1854	-0.612907
29.2168	-0.587785
29.2482	-0.562083
29.2796	-0.535827
29.3111	-0.509041
29.3425	-0.481754
29.3739	-0.45399
29.4053	-0.425779
29.4367	-0.397148
29.4681	-0.368125
29.4996	-0.338738
29.531	-0.309017
29.5624	-0.278991
29.5938	-0.24869
29.6252	-0.218143
29.6566	-0.187381
29.6881	-0.156434
29.7195	-0.125333
29.7509	-0.0941083
29.7823	-0.0627905
29.8137	-0.0314108
29.8451	6.12942e-16
29.8765	0.0314108
29.908	0.0627905
29.9394	0.0941083
29.9708	0.125333
30.0022	0.156434
30.0336	0.187381
30.065	0.218143
30.0965	0.24869
30.1279	0.278991
30.1593	0.309017
30.1907	0.338738
30.2221	0.368125
30.2535	0.397148
30.285	0.425779
30.3164	0.45399
30.3478	0.481754
30.3792	0.509041
30.4106	0.535827
30.442	0.562083
30.4734	0.587785
30.5049	0.612907
30.5363	0.637424
30.5677	0.661312
30.5991	0.684547
30.6305	0.707107
30.6619	0.728969
30.6934	0.750111
30.7248	0.770513
30.7562	0.790155
30.7876	0.809017
30.819	0.827081
30.8504	0.844328
30.8819	0.860742
30.9133	0.876307
30.9447	0.891007
30.9761	0.904827
31.0075	0.917755
31.0389	0.929776
31.0704	0.940881
31.1018	0.951057
31.1332	0.960294
31.1646	0.968583
31.196	0.975917
31.2274	0.982287
31.2588	0.987688
31.2903	0.992115
31.3217	0.995562
31.3531	0.998027
31.3845	0.999507
31.4159	1
31.4473	0.999507
31.4788	0.998027
31.5102	0.995562
31.5416	0.992115
31.573	0.987688
31.6044	0.982287
31.6358	0.975917
31.6673	0.968583
31.6987	0.960294
31.7301	0.951057
31.7615	0.940881
31.7929	0.929776
31.8243	0.917755
31.8557	0.904827
31.8872	0.891007
31.9186	0.876307
31.95	0.860742
31.9814	0.844328
32.0128	0.827081
32.0442	0.809017
32.0757	0.790155
32.1071	0.770513
32.1385	0.750111
32.1699	0.728969
32.2013	0.707107
32.2327	0.684547
32.2642	0.661312
32.2956	0.637424
32.327	0.612907
32.3584	0.587785
32.3898	0.562083
32.4212	0.535827
32.4527	0.509041
32.4841	0.481754
32.5155	0.45399
32.5469	0.425779
32.5783	0.397148
32.6097	0.368125
32.6411	0.338738
32.6726	0.309017
32.704	0.278991
32.7354	0.24869
32.7668	0.218143
32.7982	0.187381
32.8296	0.156434
32.8611	0.125333
32.8925	0.0941083
32.9239	0.0627905
32.9553	0.0314108
32.9867	-4.90478e-16
33.0181	-0.0314108
33.0496	-0.0627905
33.081	-0.0941083
33.1124	-0.125333
33.1438	-0.156434
33.1752	-0.187381
33.2066	-0.218143
33.2381	-0.24869
33.2695	-0.278991
33.3009	-0.309017
33.3323	-0.338738
33.3637	-0.368125
33.3951	-0.397148
33.4265	-0.425779
33.458	-0.45399
33.4894	-0.481754
33.5208	-0.509041
33.5522	-0.535827
33.5836	-0.562083
33.615	-0.587785
33.6465	-0.612907
33.6779	-0.637424
33.7093	-0.661312
33.7407	-0.684547
33.7721	-0.707107
33.8035	-0.728969
33.835	-0.750111
33.8664	-0.770513
33.8978	-0.790155
33.9292	-0.809017
33.9606	-0.827081
33.992	-0.844328
34.0234	-0.860742
34.0549	-0.876307
34.0863	-0.891007
34.1177	-0.904827
34.1491	-0.917755
34.1805	-0.929776
34.2119	-0.940881
34.2434	-0.951057
34.2748	-0.960294
34.3062	-0.968583
34.3376	-0.975917
34.369	-0.982287
34.4004	-0.987688
34.4319	-0.992115
34.4633	-0.995562
34.4947	-0.998027
34.5261	-0.999507
34.5575	-1
34.5889	-0.999507
34.6204	-0.998027
34.6518	-0.995562
34.6832	-0.992115
34.7146	-0.987688
34.746	-0.982287
34.7774	-0.975917
34.8088	-0.968583
34.8403	-0.960294
34.8717	-0.951057
34.9031	-0.940881
34.9345	-0.929776
34.9659	-0.917755
34.9973	-0.904827
35.0288	-0.891007
35.0602	-0.876307
35.0916	-0.860742
35.123	-0.844328
35.1544	-0.827081
35.1858	-0.809017
35.2173	-0.790155
35.2487	-0.770513
35.2801	-0.750111
35.3115	-0.728969
35.3429	-0.707107
35.3743	-0.684547
35.4057	-0.661312
35.4372	-0.637424
35.4686	-0.612907
35.5	-0.587785
35.5314	-0.562083
35.5628	-0.535827
35.5942	-0.509041
35.6257	-0.481754
35.6571	-0.45399
35.6885	-0.425779
35.7199	-0.397148
35.7513	-0.368125
35.7827	-0.338738
35.8142	-0.309017
35.8456	-0.278991
35.877	-0.24869
35.9084	-0.218143
35.9398	-0.187381
35.9712	-0.156434
36.0027	-0.125333
36.0341	-0.0941083
36.0655	-0.0627905
36.0969	-0.0314108
36.1283	3.92073e-15
36.1597	0.0314108
36.1911	0.0627905
36.2226	0.0941083
36.254	0.125333
36.2854	0.156434
36.3168	0.187381
36.3482	0.218143
36.3796	0.24869
36.4111	0.278991
36.4425	0.309017
36.4739	0.338738
36.5053	0.368125
36.5367	0.397148
36.5681	0.425779
36.5996	0.45399
36.631	0.481754
36.6624	0.509041
36.6938	0.535827
36.7252	0.562083
36.7566	0.587785
36.788	0.612907
36.8195	0.637424
36.8509	0.661312
36.8823	0.684547
36.9137	0.707107
36.9451	0.728969
36.9765	0.750111
37.008	0.770513
37.0394	0.790155
37.0708	0.809017
37.1022	0.827081
37.1336	0.844328
37.165	0.860742
37.1965	0.876307
37.2279	0.891007
37.2593	0.904827
37.2907	0.917755
37.3221	0.929776
37.3535	0.940881
37.385	0.951057
37.4164	0.960294
37.4478	0.968583
37.4792	0.975917
37.5106	0.982287
37.542	0.987688
37.5734	0.992115
37.6049	0.995562
37.6363	0.998027
37.6677	0.999507
37.6991	1
37.7305	0.999507
37.7619	0.998027
37.7934	0.995562
37.8248	0.992115
37.8562	0.987688
37.8876	0.982287
37.919	0.975917
37.9504	0.968583
37.9819	0.960294
38.0133	0.951057
38.0447	0.940881
38.0761	0.929776
38.1075	0.917755
38.1389	0.904827
38.1704	0.891007
38.2018	0.876307
38.2332	0.860742
38.2646	0.844328
38.296	0.827081
38.3274	0.809017
38.3588	0.790155
38.3903	0.770513
38.4217	0.750111
38.4531	0.728969
38.4845	0.707107
38.5159	0.684547
38.5473	0.661312
38.5788	0.637424
38.6102	0.612907
38.6416	0.587785
38.673	0.562083
38.7044	0.535827
38.7358	0.509041
38.7673	0.481754
38.7987	0.45399
38.8301	0.425779
38.8615	0.397148
38.8929	0.368125
38.9243	0.338738
38.9557	0.309017
38.9872	0.278991
39.0186	0.24869
39.05	0.218143
39.0814	0.187381
39.1128	0.156434
39.1442	0.125333
39.1757	0.0941083
39.2071	0.0627905
39.2385	0.0314108
39.2699	-2.45548e-16
39.3013	-0.0314108
39.3327	-0.0627905
39.3642	-0.0941083
39.3956	-0.125333
39.427	-0.156434
39.4584	-0.187381
39.4898	-0.218143
39.5212	-0.24869
39.5527	-0.278991
39.5841	-0.309017
39.6155	-0.338738
39.6469	-0.368125
39.6783	-0.397148
39.7097	-0.425779
39.7411	-0.45399
39.7726	-0.481754
39.804	-0.509041
39.8354	-0.535827
39.8668	-0.562083
39.8982	-0.587785
39.9296	-0.612907
39.9611	-0.637424
39.9925	-0.661312
40.0239	-0.684547
40.0553	-0.707107
40.0867	-0.728969
40.1181	-0.750111
40.1496	-0.770513
40.181	-0.790155
40.2124	-0.809017
40.2438	-0.827081
40.2752	-0.844328
40.3066	-0.860742
40.338	-0.876307
40.3695	-0.891007
40.4009	-0.904827
40.4323	-0.917755
40.4637	-0.929776
40.4951	-0.940881
40.5265	-0.951057
40.558	-0.960294
40.5894	-0.968583
40.6208	-0.975917
40.6522	-0.982287
40.6836	-0.987688
40.715	-0.992115
40.7465	-0.995562
40.7779	-0.998027
40.8093	-0.999507
40.8407	-1
40.8721	-0.999507
40.9035	-0.998027
40.935	-0.995562
40.9664	-0.992115
40.9978	-0.987688
41.0292	-0.982287
41.0606	-0.975917
41.092	-0.968583
41.1234	-0.960294
41.1549	-0.951057
41.1863	-0.940881
41.2177	-0.929776
41.2491	-0.917755
41.2805	-0.904827
41.3119	-0.891007
41.3434	-0.876307
41.3748	-0.860742
41.4062	-0.844328
41.4376	-0.827081
41.469	-0.809017
41.5004	-0.790155
41.5319	-0.770513
41.5633	-0.750111
41.5947	-0.728969
41.6261	-0.707107
41.6575	-0.684547
41.6889	-0.661312
41.7204	-0.637424
41.7518	-0.612907
41.7832	-0.587785
41.8146	-0.562083
41.846	-0.535827
41.8774	-0.509041
41.9088	-0.481754
41.9403	-0.45399
41.9717	-0.425779
42.0031	-0.397148
42.0345	-0.368125
42.0659	-0.338738
42.0973	-0.309017
42.1288	-0.278991
42.1602	-0.24869
42.1916	-0.218143
42.223	-0.187381
42.2544	-0.156434
42.2858	-0.125333
42.3173	-0.0941083
42.3487	-0.0627905
42.3801	-0.0314108
42.4115	3.6758e-15
42.4429	0.0314108
42.4743	0.0627905
42.5057	0.0941083
42.5372	0.125333
42.5686	0.156434
42.6	0.187381
42.6314	0.218143
42.6628	0.24869
42.6942	0.278991
42.7257	0.309017
42.7571	0.338738
42.7885	0.368125
42.8199	0.397148
42.8513	0.425779
42.8827	0.45399
42.9142	0.481754
42.9456	0.509041
42.977	0.535827
43.0084	0.562083
43.0398	0.587785
43.0712	0.612907
43.1027	0.637424
43.1341	0.661312
43.1655	0.684547
43.1969	0.707107
43.2283	0.728969
43.2597	0.750111
43.2911	0.770513
43.3226	0.790155
43.354	0.809017
43.3854	0.827081
43.4168	0.844328
43.4482	0.860742
43.4796	0.876307
43.5111	0.891007
43.5425	0.904827
43.5739	0.917755
43.6053	0.929776
43.6367	0.940881
43.6681	0.951057
43.6996	0.960294
43.731	0.968583
43.7624	0.975917
43.7938	0.982287
43.8252	0.987688
43.8566	0.992115
43.888	0.995562
43.9195	0.998027
43.9509	0.999507
43.9823	1
44.0137	0.999507
44.0451	0.998027
44.0765	0.995562
44.108	0.992115
44.1394	0.987688
44.1708	0.982287
44.2022	0.975917
44.2336	0.968583
44.265	0.960294
44.2965	0.951057
44.3279	0.940881
44.3593	0.929776
44.3907	0.917755
44.4221	0.904827
44.4535	0.891007
44.485	0.876307
44.5164	0.860742
44.5478	0.844328
44.5792	0.827081
44.6106	0.809017
44.642	0.790155
44.6734	0.770513
44.7049	0.750111
44.7363	0.728969
44.7677	0.707107
44.7991	0.684547
44.8305	0.661312
44.8619	0.637424
44.8934	0.612907
44.9248	0.587785
44.9562	0.562083
44.9876	0.535827
45.019	0.509041
45.0504	0.481754
45.0819	0.45399
45.1133	0.425779
45.1447	0.397148
45.1761	0.368125
45.2075	0.338738
45.2389	0.309017
45.2704	0.278991
45.3018	0.24869
45.3332	0.218143
45.3646	0.187381
45.396	0.156434
45.4274	0.125333
45.4588	0.0941083
45.4903	0.0627905
45.5217	0.0314108
45.5531	-6.18981e-19
45.5845	-0.0314108
45.6159	-0.0627905
45.6473	-0.0941083
45.6788	-0.125333
45.7102	-0.156434
45.7416	-0.187381
45.773	-0.218143
45.8044	-0.24869
45.8358	-0.278991
45.8673	-0.309017
45.8987	-0.338738
45.9301	-0.368125
45.9615	-0.397148
45.9929	-0.425779
46.0243	-0.45399
46.0557	-0.481754
46.0872	-0.509041
46.1186	-0.535827
46.15	-0.562083
46.1814	-0.587785
46.2128	-0.612907
46.2442	-0.637424
46.2757	-0.661312
46.3071	-0.684547
46.3385	-0.707107
46.3699	-0.728969
46.4013	-0.750111
46.4327	-0.770513
46.4642	-0.790155
46.4956	-0.809017
46.527	-0.827081
46.5584	-0.844328
46.5898	-0.860742
46.6212	-0.876307
46.6527	-0.891007
46.6841	-0.904827
46.7155	-0.917755
46.7469	-0.929776
46.7783	-0.940881
46.8097	-0.951057
46.8411	-0.960294
46.8726	-0.968583
46.904	-0.975917
46.9354	-0.982287
46.9668	-0.987688
46.9982	-0.992115
47.0296	-0.995562
47.0611	-0.998027
47.0925	-0.999507
47.1239	-1
47.1553	-0.999507
47.1867	-0.998027
47.2181	-0.995562
47.2496	-0.992115
47.281	-0.987688
47.3124	-0.982287
47.3438	-0.975917
47.3752	-0.968583
47.4066	-0.960294
47.438	-0.951057
47.4695	-0.940881
47.5009	-0.929776
47.5323	-0.917755
47.5637	-0.904827
47.5951	-0.891007
47.6265	-0.876307
47.658	-0.860742
47.6894	-0.844328
47.7208	-0.827081
47.7522	-0.809017
47.7836	-0.790155
47.815	-0.770513
47.8465	-0.750111
47.8779	-0.728969
47.9093	-0.707107
47.9407	-0.684547
47.9721	-0.661312
48.0035	-0.637424
48.035	-0.612907
48.0664	-0.587785
48.0978	-0.562083
48.1292	-0.535827
48.1606	-0.509041
48.192	-0.481754
48.2234	-0.45399
48.2549	-0.425779
48.2863	-0.397148
48.3177	-0.368125
48.3491	-0.338738
48.3805	-0.309017
48.4119	-0.278991
48.4434	-0.24869
48.4748	-0.218143
48.5062	-0.187381
48.5376	-0.156434
48.569	-0.125333
48.6004	-0.0941083
48.6319	-0.0627905
48.6633	-0.0314108
48.6947	3.43087e-15
48.7261	0.0314108
48.7575	0.0627905
48.7889	0.0941083
48.8203	0.125333
48.8518	0.156434
48.8832	0.187381
48.9146	0.218143
48.946	0.24869
48.9774	0.278991
49.0088	0.309017
49.0403	0.338738
49.0717	0.368125
49.1031	0.397148
49.1345	0.425779
49.1659	0.45399
49.1973	0.481754
49.2288	0.509041
49.2602	0.535827
49.2916	0.562083
49.323	0.587785
49.3544	0.612907
49.3858	0.637424
49.4173	0.661312
49.4487	0.684547
49.4801	0.707107
49.5115	0.728969
49.5429	0.750111
49.5743	0.770513
49.6057	0.790155
49.6372	0.809017
49.6686	0.827081
49.7	0.844328
49.7314	0.860742
49.7628	0.876307
49.7942	0.891007
49.8257	0.904827
49.8571	0.917755
49.8885	0.929776
49.9199	0.940881
49.9513	0.951057
49.9827	0.960294
50.0142	0.968583
50.0456	0.975917
50.077	0.982287
50.1084	0.987688
50.1398	0.992115
50.1712	0.995562
50.2027	0.998027
50.2341	0.999507
50.2655	1
50.2969	0.999507
50.3283	0.998027
50.3597	0.995562
50.3911	0.992115
50.4226	0.987688
50.454	0.982287
50.4854	0.975917
50.5168	0.968583
50.5482	0.960294
50.5796	0.951057
50.6111	0.940881
50.6425	0.929776
50.6739	0.917755
50.7053	0.904827
50.7367	0.891007
50.7681	0.876307
50.7996	0.860742
50.831	0.844328
50.8624	0.827081
50.8938	0.809017
50.9252	0.790155
50.9566	0.770513
50.988	0.750111
51.0195	0.728969
51.0509	0.707107
51.0823	0.684547
51.1137	0.661312
51.1451	0.637424
51.1765	0.612907
51.208	0.587785
51.2394	0.562083
51.2708	0.535827
51.3022	0.509041
51.3336	0.481754
51.365	0.45399
51.3965	0.425779
51.4279	0.397148
51.4593	0.368125
51.4907	0.338738
51.5221	0.309017
51.5535	0.278991
51.585	0.24869
51.6164	0.218143
51.6478	0.187381
51.6792	0.156434
51.7106	0.125333
51.742	0.0941083
51.7734	0.0627905
51.8049	0.0314108
51.8363	2.4431e-16
51.8677	-0.0314108
51.8991	-0.0627905
51.9305	-0.0941083
51.9619	-0.125333
51.9934	-0.156434
52.0248	-0.187381
52.0562	-0.218143
52.0876	-0.24869
52.119	-0.278991
52.1504	-0.309017
52.1819	-0.338738
52.2133	-0.368125
52.2447	-0.397148
52.2761	-0.425779
52.3075	-0.45399
52.3389	-0.481754
52.3703	-0.509041
52.4018	-0.535827
52.4332	-0.562083
52.4646	-0.587785
52.496	-0.612907
52.5274	-0.637424
52.5588	-0.661312
52.5903	-0.684547
52.6217	-0.707107
52.6531	-0.728969
52.6845	-0.750111
52.7159	-0.770513
52.7473	-0.790155
52.7788	-0.809017
52.8102	-0.827081
52.8416	-0.844328
52.873	-0.860742
52.9044	-0.876307
52.9358	-0.891007
52.9673	-0.904827
52.9987	-0.917755
53.0301	-0.929776
53.0615	-0.940881
53.0929	-0.951057
53.1243	-0.960294
53.1557	-0.968583
53.1872	-0.975917
53.2186	-0.982287
53.25	-0.987688
53.2814	-0.992115
53.3128	-0.995562
53.3442	-0.998027
53.3757	-0.999507
53.4071	-1
53.4385	-0.999507
53.4699	-0.998027
53.5013	-0.995562
53.5327	-0.992115
53.5642	-0.987688
53.5956	-0.982287
53.627	-0.975917
53.6584	-0.968583
53.6898	-0.960294
53.7212	-0.951057
53.7527	-0.940881
53.7841	-0.929776
53.8155	-0.917755
53.8469	-0.904827
53.8783	-0.891007
53.9097	-0.876307
53.9411	-0.860742
53.9726	-0.844328
54.004	-0.827081
54.0354	-0.809017
54.0668	-0.790155
54.0982	-0.770513
54.1296	-0.750111
54.1611	-0.728969
54.1925	-0.707107
54.2239	-0.684547
54.2553	-0.661312
54.2867	-0.637424
54.3181	-0.612907
54.3496	-0.587785
54.381	-0.562083
54.4124	-0.535827
54.4438	-0.509041
54.4752	-0.481754
54.5066	-0.45399
54.538	-0.425779
54.5695	-0.397148
54.6009	-0.368125
54.6323	-0.338738
54.6637	-0.309017
54.6951	-0.278991
54.7265	-0.24869
54.758	-0.218143
54.7894	-0.187381
54.8208	-0.156434
54.8522	-0.125333
54.8836	-0.0941083
54.915	-0.0627905
54.9465	-0.0314108
54.9779	3.18594e-15
55.0093	0.0314108
55.0407	0.0627905
55.0721	0.0941083
55.1035	0.125333
55.135	0.156434
55.1664	0.187381
55.1978	0.218143
55.2292	0.24869
55.2606	0.278991
55.292	0.309017
55.3234	0.338738
55.3549	0.368125
55.3863	0.397148
55.4177	0.425779
55.4491	0.45399
55.4805	0.481754
55.5119	0.509041
55.5434	0.535827
55.5748	0.562083
55.6062	0.587785
55.6376	0.612907
55.669	0.637424
55.7004	0.661312
55.7319	0.684547
55.7633	0.707107
55.7947	0.728969
55.8261	0.750111
55.8575	0.770513
55.8889	0.790155
55.9203	0.809017
55.9518	0.827081
55.9832	0.844328
56.0146	0.860742
56.046	0.876307
56.0774	0.891007
56.1088	0.904827
56.1403	0.917755
56.1717	0.929776
56.2031	0.940881
56.2345	0.951057
56.2659	0.960294
56.2973	0.968583
56.3288	0.975917
56.3602	0.982287
56.3916	0.987688
56.423	0.992115
56.4544	0.995562
56.4858	0.998027
56.5173	0.999507
56.5487	1
56.5801	0.999507
56.6115	0.998027
56.6429	0.995562
56.6743	0.992115
56.7057	0.987688
56.7372	0.982287
56.7686	0.975917
56.8	0.968583
56.8314	0.960294
56.8628	0.951057
56.8942	0.940881
56.9257	0.929776
56.9571	0.917755
56.9885	0.904827
57.0199	0.891007
57.0513	0.876307
57.0827	0.860742
57.1142	0.844328
57.1456	0.827081
57.177	0.809017
57.2084	0.790155
57.2398	0.770513
57.2712	0.750111
57.3027	0.728969
57.3341	0.707107
57.3655	0.684547
57.3969	0.661312
57.4283	0.637424
57.4597	0.612907
57.4911	0.587785
57.5226	0.562083
57.554	0.535827
57.5854	0.509041
57.6168	0.481754
57.6482	0.45399
57.6796	0.425779
57.7111	0.397148
57.7425	0.368125
57.7739	0.338738
57.8053	0.309017
57.8367	0.278991
57.8681	0.24869
57.8996	0.218143
57.931	0.187381
57.9624	0.156434
57.9938	0.125333
58.0252	0.0941083
58.0566	0.0627905
58.088	0.0314108
58.1195	4.8924e-16
58.1509	-0.0314108
58.1823	-0.0627905
58.2137	-0.0941083
58.2451	-0.125333
58.2765	-0.156434
58.308	-0.187381
58.3394	-0.218143
58.3708	-0.24869
58.4022	-0.278991
58.4336	-0.309017
58.465	-0.338738
58.4965	-0.368125
58.5279	-0.397148
58.5593	-0.425779
58.5907	-0.45399
58.6221	-0.481754
58.6535	-0.509041
58.685	-0.535827
58.7164	-0.562083
58.7478	-0.587785
58.7792	-0.612907
58.8106	-0.637424
58.842	-0.661312
58.8734	-0.684547
58.9049	-0.707107
58.9363	-0.728969
58.9677	-0.750111
58.9991	-0.770513
59.0305	-0.790155
59.0619	-0.809017
59.0934	-0.827081
59.1248	-0.844328
59.1562	-0.860742
59.1876	-0.876307
59.219	-0.891007
59.2504	-0.904827
59.2819	-0.917755
59.3133	-0.929776
59.3447	-0.940881
59.3761	-0.951057
59.4075	-0.960294
59.4389	-0.968583
59.4703	-0.975917
59.5018	-0.982287
59.5332	-0.987688
59.5646	-0.992115
59.596	-0.995562
59.6274	-0.998027
59.6588	-0.999507
59.6903	-1
59.7217	-0.999507
59.7531	-0.998027
59.7845	-0.995562
59.8159	-0.992115
59.8473	-0.987688
59.8788	-0.982287
59.9102	-0.975917
59.9416	-0.968583
59.973	-0.960294
60.0044	-0.951057
60.0358	-0.940881
60.0673	-0.929776
60.0987	-0.917755
60.1301	-0.904827
60.1615	-0.891007
60.1929	-0.876307
60.2243	-0.860742
60.2557	-0.844328
60.2872	-0.827081
60.3186	-0.809017
60.35	-0.790155
60.3814	-0.770513
60.4128	-0.750111
60.4442	-0.728969
60.4757	-0.707107
60.5071	-0.684547
60.5385	-0.661312
60.5699	-0.637424
60.6013	-0.612907
60.6327	-0.587785
60.6642	-0.562083
60.6956	-0.535827
60.727	-0.509041
60.7584	-0.481754
60.7898	-0.45399
60.8212	-0.425779
60.8526	-0.397148
60.8841	-0.368125
60.9155	-0.338738
60.9469	-0.309017
60.9783	-0.278991
61.0097	-0.24869
61.0411	-0.218143
61.0726	-0.187381
61.104	-0.156434
61.1354	-0.125333
61.1668	-0.0941083
61.1982	-0.0627905
61.2296	-0.0314108
61.2611	2.94101e-15
61.2925	0.0314108
61.3239	0.0627905
61.3553	0.0941083
61.3867	0.125333
61.4181	0.156434
61.4496	0.187381
61.481	0.218143
61.5124	0.24869
61.5438	0.278991
61.5752	0.309017
61.6066	0.338738
61.638	0.368125
61.6695	0.397148
61.7009	0.425779
61.7323	0.45399
61.7637	0.481754
61.7951	0.509041
61.8265	0.535827
61.858	0.562083
61.8894	0.587785
61.9208	0.612907
61.9522	0.637424
61.9836	0.661312
62.015	0.684547
62.0465	0.707107
62.0779	0.728969
62.1093	0.750111
62.1407	0.770513
62.1721	0.790155
62.2035	0.809017
62.235	0.827081
62.2664	0.844328
62.2978	0.860742
62.3292	0.876307
62.3606	0.891007
62.392	0.904827
62.4234	0.917755
62.4549	0.929776
62.4863	0.940881
62.5177	0.951057
62.5491	0.960294
62.5805	0.968583
62.6119	0.975917
62.6434	0.982287
62.6748	0.987688
62.7062	0.992115
62.7376	0.995562
62.769	0.998027
62.8004	0.999507
62.8319	1
