0	1
0.0314159	1
0.0628319	0.999013
0.0942478	0.997039
0.125664	0.994079
0.15708	0.990135
0.188496	0.98521
0.219911	0.979308
0.251327	0.972433
0.282743	0.964592
0.314159	0.955791
0.345575	0.946038
0.376991	0.935342
0.408407	0.923712
0.439823	0.911159
0.471239	0.897694
0.502655	0.88333
0.534071	0.86808
0.565487	0.851958
0.596903	0.834979
0.628319	0.81716
0.659734	0.798516
0.69115	0.779066
0.722566	0.758828
0.753982	0.737821
0.785398	0.716065
0.816814	0.693581
0.84823	0.67039
0.879646	0.646514
0.911062	0.621977
0.942478	0.596802
0.973894	0.571013
1.00531	0.544635
1.03673	0.517693
1.06814	0.490214
1.09956	0.462224
1.13097	0.43375
1.16239	0.404819
1.19381	0.375461
1.22522	0.345703
1.25664	0.315575
1.28805	0.285105
1.31947	0.254324
1.35088	0.223262
1.3823	0.191949
1.41372	0.160415
1.44513	0.128692
1.47655	0.0968101
1.50796	0.0648015
1.53938	0.0326974
1.5708	0.000529361
1.60221	-0.031671
1.63363	-0.0638718
1.66504	-0.0960414
1.69646	-0.128148
1.72788	-0.16016
1.75929	-0.192045
1.79071	-0.223772
1.82212	-0.25531
1.85354	-0.286627
1.88496	-0.317692
1.91637	-0.348474
1.94779	-0.378942
1.9792	-0.409066
2.01062	-0.438817
2.04204	-0.468164
2.07345	-0.497077
2.10487	-0.525529
2.13628	-0.55349
2.1677	-0.580932
2.19911	-0.607828
2.23053	-0.634151
2.26195	-0.659874
2.29336	-0.684971
2.32478	-0.709416
2.35619	-0.733186
2.38761	-0.756255
2.41903	-0.778601
2.45044	-0.8002
2.48186	-0.821031
2.51327	-0.841073
2.54469	-0.860303
2.57611	-0.878704
2.60752	-0.896256
2.63894	-0.91294
2.67035	-0.92874
2.70177	-0.943639
2.73319	-0.957621
2.7646	-0.970672
2.79602	-0.982778
2.82743	-0.993926
2.85885	-1.0041
2.89027	-1.0133
2.92168	-1.02151
2.9531	-1.02871
2.98451	-1.03491
3.01593	-1.04009
3.04734	-1.04425
3.07876	-1.04739
3.11018	-1.04949
3.14159	-1.05056
3.17301	-1.05059
3.20442	-1.04959
3.23584	-1.04755
3.26726	-1.04448
3.29867	-1.04037
3.33009	-1.03523
3.3615	-1.02906
3.39292	-1.02187
3.42434	-1.01367
3.45575	-1.00445
3.48717	-0.994239
3.51858	-0.983034
3.55	-0.970848
3.58142	-0.957692
3.61283	-0.943577
3.64425	-0.928518
3.67566	-0.912527
3.70708	-0.895619
3.7385	-0.877811
3.76991	-0.859119
3.80133	-0.839561
3.83274	-0.819155
3.86416	-0.79792
3.89557	-0.775876
3.92699	-0.753046
3.95841	-0.729449
3.98982	-0.705109
4.02124	-0.680049
4.05265	-0.654294
4.08407	-0.627867
4.11549	-0.600794
4.1469	-0.573102
4.17832	-0.544817
4.20973	-0.515966
4.24115	-0.486577
4.27257	-0.456679
4.30398	-0.426301
4.3354	-0.395472
4.36681	-0.364223
4.39823	-0.332583
4.42965	-0.300584
4.46106	-0.268256
4.49248	-0.235632
4.52389	-0.202743
4.55531	-0.169621
4.58673	-0.136299
4.61814	-0.10281
4.64956	-0.0691868
4.68097	-0.0354617
4.71239	-0.00166838
4.7438	0.03216
4.77522	0.06599
4.80664	0.0997882
4.83805	0.133521
4.86947	0.167156
4.90088	0.200659
4.9323	0.233997
4.96372	0.267137
4.99513	0.300046
5.02655	0.332691
5.05796	0.36504
5.08938	0.397061
5.1208	0.428721
5.15221	0.45999
5.18363	0.490835
5.21504	0.521227
5.24646	0.551134
5.27788	0.580526
5.30929	0.609375
5.34071	0.637651
5.37212	0.665325
5.40354	0.69237
5.43496	0.718758
5.46637	0.744463
5.49779	0.769459
5.5292	0.793719
5.56062	0.817221
5.59203	0.839939
5.62345	0.86185
5.65487	0.882933
5.68628	0.903165
5.7177	0.922525
5.74911	0.940994
5.78053	0.958553
5.81195	0.975182
5.84336	0.990866
5.87478	1.00559
5.90619	1.01933
5.93761	1.03208
5.96903	1.04383
6.00044	1.05455
6.03186	1.06425
6.06327	1.0729
6.09469	1.08051
6.12611	1.08705
6.15752	1.09253
6.18894	1.09694
6.22035	1.10027
6.25177	1.10251
6.28319	1.10367
6.3146	1.10375
6.34602	1.10273
6.37743	1.10062
6.40885	1.09743
6.44026	1.09314
6.47168	1.08778
6.5031	1.08134
6.53451	1.07382
6.56593	1.06523
6.59734	1.05559
6.62876	1.04489
6.66018	1.03316
6.69159	1.02039
6.72301	1.0066
6.75442	0.991805
6.78584	0.976016
6.81726	0.959248
6.84867	0.941517
6.88009	0.922839
6.9115	0.903232
6.94292	0.882714
6.97434	0.861304
7.00575	0.839024
7.03717	2.87705e-264
7.06858	0.791875
7.1	0.767171
7.13142	0.741625
7.16283	0.715322
7.19425	0.688287
7.22566	0.660547
7.25708	0.632127
7.28849	0.603055
7.31991	0.573359
7.35133	0.543068
7.38274	0.512211
7.41416	0.480818
7.44557	0.44892
7.47699	0.416547
7.50841	0.383731
7.53982	0.350504
7.57124	0.316898
7.60265	0.282946
7.63407	0.248681
7.66549	0.214137
7.6969	0.179348
7.72832	0.144348
7.75973	0.10917
7.79115	0.0738498
7.82257	0.0384219
7.85398	0.00292121
7.8854	-0.0326174
7.91681	-0.068159
7.94823	-0.103668
7.97965	-0.13911
8.01106	-0.17445
8.04248	-0.209653
8.07389	-0.244683
8.10531	-0.279506
8.13672	-0.314088
8.16814	-0.348394
8.19956	-0.38239
8.23097	-0.416042
8.26239	-0.449317
8.2938	-0.482181
8.32522	-0.514602
8.35664	-0.546547
8.38805	-0.577984
8.41947	-0.608881
8.45088	-0.639208
8.4823	-0.668934
8.51372	-0.698029
8.54513	-0.726464
8.57655	-0.754211
8.60796	-0.78124
8.63938	-0.807524
8.6708	-0.833038
8.70221	-0.857755
8.73363	-0.881649
8.76504	-0.904697
8.79646	-0.926875
8.82788	-0.94816
8.85929	-0.96853
8.89071	-0.987964
8.92212	-1.00644
8.95354	-1.02395
8.98495	-1.04046
9.01637	-1.05596
9.04779	-1.07043
9.0792	-1.08386
9.11062	-1.09623
9.14203	-1.10754
9.17345	-1.11776
9.20487	-1.12689
9.23628	-1.13491
9.2677	-1.14183
9.29911	-1.14762
9.33053	-1.15229
9.36195	-1.15582
9.39336	-1.15822
9.42478	-1.15947
9.45619	-1.15959
9.48761	-1.15856
9.51903	-1.15638
9.55044	-1.15306
9.58186	-1.1486
9.61327	-1.143
9.64469	-1.13627
9.67611	-1.12841
9.70752	-1.11943
9.73894	-1.10933
9.77035	-1.09813
9.80177	-1.08583
9.83319	-1.07246
9.8646	-1.058
9.89602	-1.0425
9.92743	-1.02594
9.95885	-1.00836
9.99026	-0.989765
10.0217	-0.970175
10.0531	-0.949608
10.0845	-0.928083
10.1159	-0.905621
10.1473	-0.882244
10.1788	-0.857972
10.2102	-0.83283
10.2416	-0.806841
10.273	-0.78003
10.3044	-0.752423
10.3358	-0.724045
10.3673	-0.694926
10.3987	-0.665091
10.4301	-0.634571
10.4615	-0.603394
10.4929	-0.571591
10.5243	-0.539193
10.5558	-0.50623
10.5872	-0.472735
10.6186	-0.438741
10.65	-0.40428
10.6814	-0.369386
10.7128	-0.334093
10.7442	-0.298435
10.7757	-0.262448
10.8071	-0.226166
10.8385	-0.189625
10.8699	-0.152861
10.9013	-0.11591
10.9327	-0.0788074
10.9642	-0.0415908
10.9956	-0.00429647
11.027	0.0330389
11.0584	0.0703785
11.0898	0.107686
11.1212	0.144923
11.1527	0.182054
11.1841	0.219043
11.2155	0.255851
11.2469	0.292444
11.2783	0.328783
11.3097	0.364835
11.3411	0.400561
11.3726	0.435928
11.404	0.470899
11.4354	0.50544
11.4668	0.539517
11.4982	0.573094
11.5296	0.606139
11.5611	0.638618
11.5925	0.6705
11.6239	0.70175
11.6553	0.732339
11.6867	0.762236
11.7181	0.79141
11.7496	0.819831
11.781	0.847471
11.8124	0.874302
11.8438	0.900297
11.8752	0.925429
11.9066	0.949672
11.9381	0.973002
11.9695	0.995395
12.0009	1.01683
12.0323	1.03728
12.0637	1.05672
12.0951	1.07515
12.1265	1.09253
12.158	1.10884
12.1894	1.12408
12.2208	1.13823
12.2522	1.15127
12.2836	1.16318
12.315	1.17396
12.3465	1.18359
12.3779	1.19206
12.4093	1.19936
12.4407	1.20548
12.4721	1.21042
12.5035	1.21418
12.535	1.21673
12.5664	1.21809
12.5978	1.21825
12.6292	1.21721
12.6606	1.21496
12.692	1.21151
12.7235	1.20687
12.7549	1.20102
12.7863	1.19399
12.8177	1.18577
12.8491	1.17637
12.8805	1.1658
12.9119	1.15408
12.9434	1.1412
12.9748	1.12718
13.0062	1.11203
13.0376	1.09578
13.069	1.07842
13.1004	1.05998
13.1319	1.04048
13.1633	1.01994
13.1947	0.998363
13.2261	0.975783
13.2575	0.952217
13.2889	0.927688
13.3204	0.90222
13.3518	0.875835
13.3832	0.848561
13.4146	0.820422
13.446	0.791445
13.4774	0.761659
13.5088	0.731091
13.5403	0.699772
13.5717	0.667732
13.6031	0.635
13.6345	0.60161
13.6659	0.567593
13.6973	0.532982
13.7288	0.497811
13.7602	0.462114
13.7916	0.425925
13.823	0.389281
13.8544	0.352216
13.8858	0.314767
13.9173	0.27697
13.9487	0.238863
13.9801	0.200482
14.0115	0.161866
14.0429	0.123051
14.0743	0.0840774
14.1058	0.0449818
14.1372	0.00580332
14.1686	-0.0334196
14.2	-0.0726482
14.2314	-0.111844
14.2628	-0.150968
14.2942	-0.189981
14.3257	-0.228846
14.3571	-0.267523
14.3885	-0.305974
14.4199	-0.344161
14.4513	-0.382046
14.4827	-0.419592
14.5142	-0.45676
14.5456	-0.493515
14.577	-0.529818
14.6084	-0.565635
14.6398	-0.600928
14.6712	-0.635663
14.7027	-0.669806
14.7341	-0.70332
14.7655	-0.736174
14.7969	-0.768334
14.8283	-0.799767
14.8597	-0.830441
14.8911	-0.860327
14.9226	-0.889392
14.954	-0.917609
14.9854	-0.944948
15.0168	-0.971381
15.0482	-0.996882
15.0796	-1.02142
15.1111	-1.04498
15.1425	-1.06753
15.1739	-1.08905
15.2053	-1.10951
15.2367	-1.1289
15.2681	-1.1472
15.2996	-1.16438
15.331	-1.18043
15.3624	-1.19533
15.3938	-1.20906
15.4252	-1.22162
15.4566	-1.23298
15.4881	-1.24313
15.5195	-1.25207
15.5509	-1.25978
15.5823	-1.26626
15.6137	-1.27149
15.6451	-1.27548
15.6765	-1.2782
15.708	-1.27967
15.7394	-1.27988
15.7708	-1.27883
15.8022	-1.27651
15.8336	-1.27293
15.865	-1.26809
15.8965	-1.26199
15.9279	-1.25464
15.9593	-1.24605
15.9907	-1.23621
16.0221	-1.22515
16.0535	-1.21287
16.085	-1.19938
16.1164	-1.18469
16.1478	-1.16882
16.1792	-1.15178
16.2106	-1.13358
16.242	-1.11425
16.2734	-1.0938
16.3049	-1.07225
16.3363	-1.04962
16.3677	-1.02593
16.3991	-1.00121
16.4305	-0.975472
16.4619	-0.948747
16.4934	-0.921059
16.5248	-0.892436
16.5562	-0.862903
16.5876	-0.832489
16.619	-0.801224
16.6504	-0.769137
16.6819	-0.736259
16.7133	-0.702622
16.7447	-0.668259
16.7761	-0.633202
16.8075	-0.597486
16.8389	-0.561144
16.8704	-0.524213
16.9018	-0.486728
16.9332	-0.448726
16.9646	-0.410243
16.996	-0.371318
17.0274	-0.331987
17.0588	-0.29229
17.0903	-0.252265
17.1217	-0.211952
17.1531	-0.17139
17.1845	-0.130619
17.2159	-0.0896787
17.2473	-0.0486094
17.2788	-0.00745156
17.3102	0.0337542
17.3416	0.0749674
17.373	0.116147
17.4044	0.157253
17.4358	0.198244
17.4673	0.23908
17.4987	0.279721
17.5301	0.320125
17.5615	0.360253
17.5929	0.400066
17.6243	0.439523
17.6558	0.478585
17.6872	0.517213
17.7186	0.555369
17.75	0.593014
17.7814	0.630111
17.8128	0.666623
17.8442	0.702513
17.8757	0.737745
17.9071	0.772284
17.9385	0.806095
17.9699	0.839143
18.0013	0.871396
18.0327	0.902821
18.0642	0.933385
18.0956	0.963059
18.127	0.991811
18.1584	1.01961
18.1898	1.04644
18.2212	1.07225
18.2527	1.09704
18.2841	1.12076
18.3155	1.14341
18.3469	1.16494
18.3783	1.18535
18.4097	1.20461
18.4411	1.2227
18.4726	1.2396
18.504	1.25529
18.5354	1.26976
18.5668	1.28299
18.5982	1.29497
18.6296	1.30568
18.6611	1.31511
18.6925	1.32326
18.7239	1.3301
18.7553	1.33564
18.7867	1.33987
18.8181	1.34278
18.8496	1.34437
18.881	1.34463
18.9124	1.34356
18.9438	1.34117
18.9752	1.33745
19.0066	1.33241
19.0381	1.32605
19.0695	1.31837
19.1009	1.30939
19.1323	1.2991
19.1637	1.28752
19.1951	1.27466
19.2265	1.26053
19.258	1.24514
19.2894	1.2285
19.3208	1.21064
19.3522	1.19156
19.3836	1.17129
19.415	1.14985
19.4465	1.12724
19.4779	1.10351
19.5093	1.07866
19.5407	1.05272
19.5721	1.02571
19.6035	0.997672
19.635	0.968617
19.6664	0.938577
19.6978	0.907582
19.7292	0.87566
19.7606	0.842842
19.792	0.80916
19.8234	0.774646
19.8549	0.739334
19.8863	0.703257
19.9177	0.66645
19.9491	0.62895
19.9805	0.590791
20.0119	0.552012
20.0434	0.51265
20.0748	0.472743
20.1062	0.432329
20.1376	0.39145
20.169	0.350143
20.2004	0.308451
20.2319	0.266412
20.2633	0.22407
20.2947	0.181464
20.3261	0.138637
20.3575	0.0956314
20.3889	0.0524887
20.4204	0.00925162
20.4518	-0.0340373
20.4832	-0.0773353
20.5146	-0.1206
20.546	-0.163788
20.5774	-0.206857
20.6088	-0.249764
20.6403	-0.292468
20.6717	-0.334924
20.7031	-0.377093
20.7345	-0.41893
20.7659	-0.460396
20.7973	-0.501447
20.8288	-0.542045
20.8602	-0.582148
20.8916	-0.621715
20.923	-0.660708
20.9544	-0.699088
20.9858	-0.736815
21.0173	-0.773853
21.0487	-0.810163
21.0801	-0.845709
21.1115	-0.880456
21.1429	-0.914368
21.1743	-0.947411
21.2058	-0.979552
21.2372	-1.01076
21.2686	-1.041
21.3	-1.07024
21.3314	-1.09845
21.3628	-1.12561
21.3942	-1.15168
21.4257	-1.17665
21.4571	-1.20047
21.4885	-1.22314
21.5199	-1.24462
21.5513	-1.26489
21.5827	-1.28393
21.6142	-1.30173
21.6456	-1.31826
21.677	-1.3335
21.7084	-1.34744
21.7398	-1.36007
21.7712	-1.37137
21.8027	-1.38132
21.8341	-1.38992
21.8655	-1.39716
21.8969	-1.40303
21.9283	-1.40751
21.9597	-1.41062
21.9911	-1.41233
22.0226	-1.41265
22.054	-1.41158
22.0854	-1.40911
22.1168	-1.40525
22.1482	-1.4
22.1796	-1.39336
22.2111	-1.38534
22.2425	-1.37594
22.2739	-1.36518
22.3053	-1.35306
22.3367	-1.33959
22.3681	-1.32479
22.3996	-1.30867
22.431	-1.29123
22.4624	-1.27251
22.4938	-1.25251
22.5252	-1.23125
22.5566	-1.20876
22.5881	-1.18506
22.6195	-1.16016
22.6509	-1.13409
22.6823	-1.10688
22.7137	-1.07854
22.7451	-1.04912
22.7765	-1.01863
22.808	-0.987102
22.8394	-0.954571
22.8708	-0.921066
22.9022	-0.886619
22.9336	-0.851263
22.965	-0.815032
22.9965	-0.777961
23.0279	-0.740085
23.0593	-0.701441
23.0907	-0.662067
23.1221	-0.622001
23.1535	-0.581281
23.185	-0.539948
23.2164	-0.49804
23.2478	-0.4556
23.2792	-0.412668
23.3106	-0.369287
23.342	-0.325498
23.3734	-0.281345
23.4049	-0.23687
23.4363	-0.192118
23.4677	-0.147132
23.4991	-0.101957
23.5305	-0.056636
23.5619	-0.0112147
23.5934	0.0342626
23.6248	0.079751
23.6562	0.125205
23.6876	0.170581
23.719	0.215834
23.7504	0.260917
23.7819	0.305788
23.8133	0.350402
23.8447	0.394713
23.8761	0.438679
23.9075	0.482255
23.9389	0.525398
23.9704	0.568065
24.0018	0.610214
24.0332	0.651802
24.0646	0.692788
24.096	0.73313
24.1274	0.772789
24.1588	0.811724
24.1903	0.849897
24.2217	0.887268
24.2531	0.9238
24.2845	0.959457
24.3159	0.994202
24.3473	1.028
24.3788	1.06082
24.4102	1.09262
24.4416	1.12337
24.473	1.15305
24.5044	1.18162
24.5358	1.20905
24.5673	1.23531
24.5987	1.26038
24.6301	1.28424
24.6615	1.30684
24.6929	1.32818
24.7243	1.34823
24.7558	1.36697
24.7872	1.38438
24.8186	1.40044
24.85	1.41513
24.8814	1.42845
24.9128	1.44036
24.9442	1.45086
24.9757	1.45995
25.0071	1.4676
25.0385	1.47381
25.0699	1.47857
25.1013	1.48188
25.1327	1.48372
25.1642	1.48411
25.1956	1.48303
25.227	1.48049
25.2584	1.47648
25.2898	1.47101
25.3212	1.46408
25.3527	1.45571
25.3841	1.44588
25.4155	1.43462
25.4469	1.42194
25.4783	1.40783
25.5097	1.39233
25.5411	1.37543
25.5726	1.35716
25.604	1.33754
25.6354	1.31657
25.6668	1.29428
25.6982	1.2707
25.7296	1.24583
25.7611	1.21972
25.7925	1.19237
25.8239	1.16382
25.8553	1.13409
25.8867	1.10321
25.9181	1.07122
25.9496	1.03813
25.981	1.00399
26.0124	0.968825
26.0438	0.932668
26.0752	0.895554
26.1066	0.85752
26.1381	0.818602
26.1695	0.778838
26.2009	0.738266
26.2323	0.696925
26.2637	0.654856
26.2951	0.612098
26.3265	0.568695
26.358	0.524687
26.3894	0.480118
26.4208	0.435031
26.4522	0.38947
26.4836	0.34348
26.515	0.297106
26.5465	0.250392
26.5779	0.203386
26.6093	0.156132
26.6407	0.108677
26.6721	0.0610685
26.7035	0.0133525
26.735	-0.0344237
26.7664	-0.0822131
26.7978	-0.129968
26.8292	-0.177643
26.8606	-0.225189
26.892	-0.272559
26.9234	-0.319708
26.9549	-0.366587
26.9863	-0.413151
27.0177	-0.459353
27.0491	-0.505147
27.0805	-0.550488
27.1119	-0.595331
27.1434	-0.63963
27.1748	-0.683341
27.2062	-0.726422
27.2376	-0.768827
27.269	-0.810516
27.3004	-0.851446
27.3319	-0.891576
27.3633	-0.930866
27.3947	-0.969276
27.4261	-1.00677
27.4575	-1.0433
27.4889	-1.07884
27.5204	-1.11335
27.5518	-1.1468
27.5832	-1.17915
27.6146	-1.21036
27.646	-1.24041
27.6774	-1.26927
27.7088	-1.2969
27.7403	-1.32329
27.7717	-1.34839
27.8031	-1.37218
27.8345	-1.39464
27.8659	-1.41575
27.8973	-1.43549
27.9288	-1.45382
27.9602	-1.47074
27.9916	-1.48622
28.023	-1.50026
28.0544	-1.51282
28.0858	-1.52391
28.1173	-1.5335
28.1487	-1.54158
28.1801	-1.54816
28.2115	-1.55321
28.2429	-1.55674
28.2743	-1.55873
28.3057	-1.55918
28.3372	-1.5581
28.3686	-1.55548
28.4	-1.55132
28.4314	-1.54562
28.4628	-1.5384
28.4942	-1.52965
28.5257	-1.51938
28.5571	-1.5076
28.5885	-1.49432
28.6199	-1.47955
28.6513	-1.46331
28.6827	-1.44561
28.7142	-1.42646
28.7456	-1.40589
28.777	-1.38391
28.8084	-1.36054
28.8398	-1.3358
28.8712	-1.30972
28.9027	-1.28233
28.9341	-1.25364
28.9655	-1.22369
28.9969	-1.1925
29.0283	-1.1601
29.0597	-1.12652
29.0911	-1.0918
29.1226	-1.05597
29.154	-1.01906
29.1854	-0.981105
29.2168	-0.942147
29.2482	-0.902221
29.2796	-0.861364
29.3111	-0.819618
29.3425	-0.777021
29.3739	-0.733615
29.4053	-0.689442
29.4367	-0.644545
29.4681	-0.598968
29.4996	-0.552755
29.531	-0.50595
29.5624	-0.4586
29.5938	-0.41075
29.6252	-0.362448
29.6566	-0.313741
29.6881	-0.264676
29.7195	-0.215301
29.7509	-0.165665
29.7823	-0.115816
29.8137	-0.0658042
29.8451	-0.0156779
29.8765	0.0345134
29.908	0.0847202
29.9394	0.134893
29.9708	0.184982
30.0022	0.234938
30.0336	0.284711
30.065	0.334253
30.0965	0.383513
30.1279	0.432444
30.1593	0.480996
30.1907	0.529121
30.2221	0.576772
30.2535	0.6239
30.285	0.67046
30.3164	0.716403
30.3478	0.761685
30.3792	0.806259
30.4106	0.850082
30.442	0.893109
30.4734	0.935297
30.5049	0.976604
30.5363	1.01699
30.5677	1.05641
30.5991	1.09482
30.6305	1.1322
30.6619	1.16849
30.6934	1.20366
30.7248	1.23769
30.7562	1.27052
30.7876	1.30213
30.819	1.33249
30.8504	1.36156
30.8819	1.38932
30.9133	1.41574
30.9447	1.44078
30.9761	1.46443
31.0075	1.48665
31.0389	1.50743
31.0704	1.52674
31.1018	1.54456
31.1332	1.56088
31.1646	1.57567
31.196	1.58893
31.2274	1.60062
31.2588	1.61075
31.2903	1.6193
31.3217	1.62626
31.3531	1.63162
31.3845	1.63538
31.4159	1.63752
31.4473	1.63805
31.4788	1.63697
31.5102	1.63427
31.5416	1.62995
31.573	1.62402
31.6044	1.61648
31.6358	1.60734
31.6673	1.5966
31.6987	1.58428
31.7301	1.57038
31.7615	1.55492
31.7929	1.5379
31.8243	1.51936
31.8557	1.49929
31.8872	1.47773
31.9186	1.45468
31.95	1.43018
31.9814	1.40424
32.0128	1.37689
32.0442	1.34815
32.0757	1.31806
32.1071	1.28663
32.1385	1.25391
32.1699	1.21991
32.2013	1.18468
32.2327	1.14824
32.2642	1.11063
32.2956	1.07189
32.327	1.03206
32.3584	0.991161
32.3898	0.949248
32.4212	0.906357
32.4527	0.862529
32.4841	0.817806
32.5155	0.772232
32.5469	0.725851
32.5783	0.678708
32.6097	0.630848
32.6411	0.582318
32.6726	0.533166
32.704	0.483439
32.7354	0.433186
32.7668	0.382456
32.7982	0.331298
32.8296	0.279763
32.8611	0.227901
32.8925	0.175763
32.9239	0.123399
32.9553	0.0708627
32.9867	0.0182042
33.0181	-0.0345242
33.0496	-0.0872706
33.081	-0.139983
33.1124	-0.192609
33.1438	-0.245097
33.1752	-0.297395
33.2066	-0.349451
33.2381	-0.401214
33.2695	-0.452631
33.3009	-0.503653
33.3323	-0.554228
33.3637	-0.604306
33.3951	-0.653836
33.4265	-0.702771
33.458	-0.75106
33.4894	-0.798655
33.5208	-0.84551
33.5522	-0.891576
33.5836	-0.936807
33.615	-0.981159
33.6465	-1.02459
33.6779	-1.06704
33.7093	-1.10849
33.7407	-1.14889
33.7721	-1.18819
33.8035	-1.22635
33.835	-1.26335
33.8664	-1.29913
33.8978	-1.33367
33.9292	-1.36692
33.9606	-1.39886
33.992	-1.42945
34.0234	-1.45865
34.0549	-1.48645
34.0863	-1.51281
34.1177	-1.5377
34.1491	-1.5611
34.1805	-1.58298
34.2119	-1.60332
34.2434	-1.62209
34.2748	-1.63929
34.3062	-1.65488
34.3376	-1.66886
34.369	-1.6812
34.4004	-1.6919
34.4319	-1.70093
34.4633	-1.7083
34.4947	-1.71398
34.5261	-1.71799
34.5575	-1.7203
34.5889	-1.72091
34.6204	-1.71983
34.6518	-1.71704
34.6832	-1.71256
34.7146	-1.70639
34.746	-1.69852
34.7774	-1.68898
34.8088	-1.67775
34.8403	-1.66486
34.8717	-1.65031
34.9031	-1.63412
34.9345	-1.6163
34.9659	-1.59687
34.9973	-1.57584
35.0288	-1.55324
35.0602	-1.52908
35.0916	-1.50338
35.123	-1.47618
35.1544	-1.4475
35.1858	-1.41736
35.2173	-1.38579
35.2487	-1.35282
35.2801	-1.31848
35.3115	-1.28281
35.3429	-1.24583
35.3743	-1.20759
35.4057	-1.16812
35.4372	-1.12746
35.4686	-1.08565
35.5	-1.04272
35.5314	-0.998723
35.5628	-0.953696
35.5942	-0.907683
35.6257	-0.860728
35.6571	-0.812878
35.6885	-0.764178
35.7199	-0.714676
35.7513	-0.66442
35.7827	-0.613458
35.8142	-0.561841
35.8456	-0.509618
35.877	-0.45684
35.9084	-0.40356
35.9398	-0.349829
35.9712	-0.295699
36.0027	-0.241225
36.0341	-0.186458
36.0655	-0.131453
36.0969	-0.0762645
36.1283	-0.020946
36.1597	0.0344478
36.1911	0.0898622
36.2226	0.145243
36.254	0.200534
36.2854	0.255683
36.3168	0.310633
36.3482	0.365331
36.3796	0.419723
36.4111	0.473754
36.4425	0.527371
36.4739	0.58052
36.5053	0.633148
36.5367	0.685204
36.5681	0.736635
36.5996	0.787389
36.631	0.837417
36.6624	0.886667
36.6938	0.935091
36.7252	0.98264
36.7566	1.02927
36.788	1.07492
36.8195	1.11956
36.8509	1.16314
36.8823	1.20562
36.9137	1.24694
36.9451	1.28708
36.9765	1.32598
37.008	1.36362
37.0394	1.39995
37.0708	1.43493
37.1022	1.46853
37.1336	1.50071
37.165	1.53144
37.1965	1.5607
37.2279	1.58844
37.2593	1.61464
37.2907	1.63927
37.3221	1.66231
37.3535	1.68373
37.385	1.70351
37.4164	1.72163
37.4478	1.73807
37.4792	1.75281
37.5106	1.76583
37.542	1.77712
37.5734	1.78668
37.6049	1.79447
37.6363	1.8005
37.6677	1.80477
37.6991	1.80725
37.7305	1.80796
37.7619	1.80688
37.7934	1.80401
37.8248	1.79936
37.8562	1.79294
37.8876	1.78473
37.919	1.77476
37.9504	1.76302
37.9819	1.74954
38.0133	1.73431
38.0447	1.71736
38.0761	1.69869
38.1075	1.67833
38.1389	1.6563
38.1704	1.6326
38.2018	1.60727
38.2332	1.58034
38.2646	1.55181
38.296	1.52172
38.3274	1.49011
38.3588	1.45699
38.3903	1.4224
38.4217	1.38637
38.4531	1.34894
38.4845	1.31014
38.5159	1.27001
38.5473	1.22859
38.5788	1.18591
38.6102	1.14202
38.6416	1.09696
38.673	1.05077
38.7044	1.0035
38.7358	0.955197
38.7673	0.905899
38.7987	0.855659
38.8301	0.804525
38.8615	0.752546
38.8929	0.699773
38.9243	0.646257
38.9557	0.592051
38.9872	0.537207
39.0186	0.481779
39.05	0.42582
39.0814	0.369386
39.1128	0.312531
39.1442	0.255313
39.1757	0.197785
39.2071	0.140006
39.2385	0.0820312
39.2699	0.0239184
39.3013	-0.0342754
39.3327	-0.0924927
39.3642	-0.150676
39.3956	-0.208768
39.427	-0.266712
39.4584	-0.324449
39.4898	-0.381924
39.5212	-0.439078
39.5527	-0.495855
39.5841	-0.552198
39.6155	-0.608053
39.6469	-0.663362
39.6783	-0.718071
39.7097	-0.772126
39.7411	-0.825472
39.7726	-0.878055
39.804	-0.929824
39.8354	-0.980727
39.8668	-1.03071
39.8982	-1.07973
39.9296	-1.12773
39.9611	-1.17466
39.9925	-1.22048
40.0239	-1.26514
40.0553	-1.3086
40.0867	-1.35081
40.1181	-1.39173
40.1496	-1.43131
40.181	-1.46952
40.2124	-1.50632
40.2438	-1.54166
40.2752	-1.57552
40.3066	-1.60786
40.338	-1.63865
40.3695	-1.66784
40.4009	-1.69542
40.4323	-1.72136
40.4637	-1.74562
40.4951	-1.76818
40.5265	-1.78902
40.558	-1.80811
40.5894	-1.82544
40.6208	-1.84098
40.6522	-1.85472
40.6836	-1.86665
40.715	-1.87674
40.7465	-1.88499
40.7779	-1.89139
40.8093	-1.89593
40.8407	-1.8986
40.8721	-1.8994
40.9035	-1.89833
40.935	-1.89538
40.9664	-1.89056
40.9978	-1.88387
41.0292	-1.87531
41.0606	-1.8649
41.092	-1.85263
41.1234	-1.83852
41.1549	-1.82258
41.1863	-1.80483
41.2177	-1.78528
41.2491	-1.76395
41.2805	-1.74086
41.3119	-1.71602
41.3434	-1.68947
41.3748	-1.66122
41.4062	-1.63131
41.4376	-1.59976
41.469	-1.56659
41.5004	-1.53185
41.5319	-1.49556
41.5633	-1.45776
41.5947	-1.41848
41.6261	-1.37777
41.6575	-1.33565
41.6889	-1.29218
41.7204	-1.24739
41.7518	-1.20132
41.7832	-1.15402
41.8146	-1.10553
41.846	-1.05591
41.8774	-1.00519
41.9088	-0.953437
41.9403	-0.900687
41.9717	-0.846997
42.0031	-0.792417
42.0345	-0.737002
42.0659	-0.680804
42.0973	-0.623879
42.1288	-0.566283
42.1602	-0.50807
42.1916	-0.449299
42.223	-0.390026
42.2544	-0.330309
42.2858	-0.270208
42.3173	-0.209781
42.3487	-0.149087
42.3801	-0.0881859
42.4115	-0.0271378
42.4429	0.0339974
42.4743	0.0951594
42.5057	0.156288
42.5372	0.217322
42.5686	0.278203
42.6	0.338868
42.6314	0.399259
42.6628	0.459316
42.6942	0.518979
42.7257	0.578188
42.7571	0.636885
42.7885	0.695012
42.8199	0.75251
42.8513	0.809322
42.8827	0.865391
42.9142	0.920661
42.9456	0.975078
42.977	1.02859
43.0084	1.08113
43.0398	1.13266
43.0712	1.18312
43.1027	1.23247
43.1341	1.28065
43.1655	1.32761
43.1969	1.37331
43.2283	1.41769
43.2597	1.46072
43.2911	1.50236
43.3226	1.54255
43.354	1.58125
43.3854	1.61844
43.4168	1.65407
43.4482	1.68809
43.4796	1.72049
43.5111	1.75122
43.5425	1.78025
43.5739	1.80755
43.6053	1.8331
43.6367	1.85686
43.6681	1.87881
43.6996	1.89893
43.731	1.91719
43.7624	1.93358
43.7938	1.94808
43.8252	1.96067
43.8566	1.97134
43.888	1.98008
43.9195	1.98686
43.9509	1.9917
43.9823	1.99457
44.0137	1.99547
44.0451	1.99441
44.0765	1.99138
44.108	1.98638
44.1394	1.97941
44.1708	1.97049
44.2022	1.95961
44.2336	1.94678
44.265	1.93202
44.2965	1.91534
44.3279	1.89676
44.3593	1.87628
44.3907	1.85393
44.4221	1.82973
44.4535	1.8037
44.485	1.77586
44.5164	1.74625
44.5478	1.71488
44.5792	1.68178
44.6106	1.647
44.642	1.61055
44.6734	1.57248
44.7049	1.53282
44.7363	1.49161
44.7677	1.44888
44.7991	1.40469
44.8305	1.35906
44.8619	1.31205
44.8934	1.26369
44.9248	1.21404
44.9562	1.16314
44.9876	1.11105
45.019	1.0578
45.0504	1.00346
45.0819	0.94808
45.1133	0.891706
45.1447	0.834396
45.1761	0.776206
45.2075	0.717192
45.2389	0.657412
45.2704	0.596925
45.3018	0.535788
45.3332	0.474062
45.3646	0.411808
45.396	0.349086
45.4274	0.285957
45.4588	0.222484
45.4903	0.158728
45.5217	0.0947533
45.5531	0.0306216
45.5845	-0.0336037
45.6159	-0.0978591
45.6473	-0.162081
45.6788	-0.226207
45.7102	-0.290173
45.7416	-0.353915
45.773	-0.417371
45.8044	-0.480478
45.8358	-0.543173
45.8673	-0.605394
45.8987	-0.667078
45.9301	-0.728165
45.9615	-0.788594
45.9929	-0.848304
46.0243	-0.907236
46.0557	-0.96533
46.0872	-1.02253
46.1186	-1.07878
46.15	-1.13401
46.1814	-1.18819
46.2128	-1.24124
46.2442	-1.29312
46.2757	-1.34377
46.3071	-1.39315
46.3385	-1.44121
46.3699	-1.48788
46.4013	-1.53314
46.4327	-1.57693
46.4642	-1.6192
46.4956	-1.65992
46.527	-1.69904
46.5584	-1.73652
46.5898	-1.77232
46.6212	-1.80641
46.6527	-1.83875
46.6841	-1.86931
46.7155	-1.89806
46.7469	-1.92496
46.7783	-1.94998
46.8097	-1.97311
46.8411	-1.99431
46.8726	-2.01356
46.904	-2.03085
46.9354	-2.04614
46.9668	-2.05944
46.9982	-2.07071
47.0296	-2.07995
47.0611	-2.08715
47.0925	-2.0923
47.1239	-2.09538
47.1553	-2.0964
47.1867	-2.09535
47.2181	-2.09224
47.2496	-2.08705
47.281	-2.0798
47.3124	-2.07049
47.3438	-2.05913
47.3752	-2.04572
47.4066	-2.03028
47.438	-2.01283
47.4695	-1.99336
47.5009	-1.97192
47.5323	-1.9485
47.5637	-1.92314
47.5951	-1.89586
47.6265	-1.86667
47.658	-1.83562
47.6894	-1.80272
47.7208	-1.76802
47.7522	-1.73153
47.7836	-1.6933
47.815	-1.65336
47.8465	-1.61174
47.8779	-1.5685
47.9093	-1.52367
47.9407	-1.47728
47.9721	-1.4294
48.0035	-1.38005
48.035	-1.3293
48.0664	-1.27718
48.0978	-1.22375
48.1292	-1.16906
48.1606	-1.11316
48.192	-1.05611
48.2234	-0.997962
48.2549	-0.93877
48.2863	-0.878593
48.3177	-0.817489
48.3491	-0.755518
48.3805	-0.69274
48.4119	-0.629217
48.4434	-0.56501
48.4748	-0.500181
48.5062	-0.434796
48.5376	-0.368916
48.569	-0.302607
48.6004	-0.235935
48.6319	-0.168963
48.6633	-0.101759
48.6947	-0.0343882
48.7261	0.0330832
48.7575	0.100589
48.7889	0.168061
48.8203	0.235435
48.8518	0.302642
48.8832	0.369617
48.9146	0.436294
48.946	0.502606
48.9774	0.568487
49.0088	0.633872
49.0403	0.698696
49.0717	0.762894
49.1031	0.826403
49.1345	0.889159
49.1659	0.951099
49.1973	1.01216
49.2288	1.07229
49.2602	1.13141
49.2916	1.18948
49.323	1.24643
49.3544	1.3022
49.3858	1.35675
49.4173	1.41001
49.4487	1.46193
49.4801	1.51246
49.5115	1.56155
49.5429	1.60914
49.5743	1.6552
49.6057	1.69966
49.6372	1.74249
49.6686	1.78365
49.7	1.82308
49.7314	1.86075
49.7628	1.89663
49.7942	1.93067
49.8257	1.96283
49.8571	1.99309
49.8885	2.02142
49.9199	2.04777
49.9513	2.07213
49.9827	2.09447
50.0142	2.11477
50.0456	2.133
50.077	2.14914
50.1084	2.16317
50.1398	2.17509
50.1712	2.18487
50.2027	2.1925
50.2341	2.19798
50.2655	2.20129
50.2969	2.20243
50.3283	2.2014
50.3597	2.1982
50.3911	2.19282
50.4226	2.18528
50.454	2.17557
50.4854	2.1637
50.5168	2.14969
50.5482	2.13354
50.5796	2.11527
50.6111	2.09489
50.6425	2.07243
50.6739	2.04789
50.7053	2.02132
50.7367	1.99272
50.7681	1.96212
50.7996	1.92956
50.831	1.89507
50.8624	1.85867
50.8938	1.8204
50.9252	1.78029
50.9566	1.73839
50.988	1.69473
51.0195	1.64935
51.0509	1.6023
51.0823	1.55363
51.1137	1.50337
51.1451	1.45158
51.1765	1.39831
51.208	1.3436
51.2394	1.28751
51.2708	1.2301
51.3022	1.17142
51.3336	1.11152
51.365	1.05046
51.3965	0.988313
51.4279	0.925125
51.4593	0.860961
51.4907	0.795885
51.5221	0.729959
51.5535	0.663248
51.585	0.595816
51.6164	0.527729
51.6478	0.459054
51.6792	0.389859
51.7106	0.32021
51.742	0.250177
51.7734	0.179828
51.8049	0.109231
51.8363	0.0384575
51.8677	-0.0324241
51.8991	-0.103344
51.9305	-0.174231
51.9619	-0.245017
51.9934	-0.31563
52.0248	-0.386002
52.0562	-0.456062
52.0876	-0.525742
52.119	-0.594971
52.1504	-0.663681
52.1819	-0.731804
52.2133	-0.799272
52.2447	-0.866018
52.2761	-0.931975
52.3075	-0.997077
52.3389	-1.06126
52.3703	-1.12446
52.4018	-1.18661
52.4332	-1.24765
52.4646	-1.30752
52.496	-1.36616
52.5274	-1.42351
52.5588	-1.47951
52.5903	-1.5341
52.6217	-1.58724
52.6531	-1.63886
52.6845	-1.68891
52.7159	-1.73735
52.7473	-1.78412
52.7788	-1.82917
52.8102	-1.87246
52.8416	-1.91395
52.873	-1.95359
52.9044	-1.99135
52.9358	-2.02717
52.9673	-2.06103
52.9987	-2.09288
53.0301	-2.12271
53.0615	-2.15047
53.0929	-2.17613
53.1243	-2.19967
53.1557	-2.22106
53.1872	-2.24028
53.2186	-2.25731
53.25	-2.27213
53.2814	-2.28472
53.3128	-2.29507
53.3442	-2.30316
53.3757	-2.30899
53.4071	-2.31254
53.4385	-2.31382
53.4699	-2.31281
53.5013	-2.30952
53.5327	-2.30395
53.5642	-2.2961
53.5956	-2.28597
53.627	-2.27358
53.6584	-2.25893
53.6898	-2.24204
53.7212	-2.22292
53.7527	-2.20158
53.7841	-2.17805
53.8155	-2.15235
53.8469	-2.1245
53.8783	-2.09453
53.9097	-2.06245
53.9411	-2.02831
53.9726	-1.99214
54.004	-1.95396
54.0354	-1.91382
54.0668	-1.87175
54.0982	-1.82779
54.1296	-1.78198
54.1611	-1.73437
54.1925	-1.685
54.2239	-1.63392
54.2553	-1.58117
54.2867	-1.52681
54.3181	-1.47089
54.3496	-1.41347
54.381	-1.35459
54.4124	-1.29432
54.4438	-1.23271
54.4752	-1.16982
54.5066	-1.10572
54.538	-1.04046
54.5695	-0.974115
54.6009	-0.906739
54.6323	-0.838402
54.6637	-0.76917
54.6951	-0.69911
54.7265	-0.628292
54.758	-0.556783
54.7894	-0.484654
54.8208	-0.411976
54.8522	-0.338819
54.8836	-0.265256
54.915	-0.191358
54.9465	-0.117199
54.9779	-0.0428502
55.0093	0.0316138
55.0407	0.10612
55.0721	0.180595
55.1035	0.254966
55.135	0.329158
55.1664	0.403098
55.1978	0.476714
55.2292	0.549932
55.2606	0.622679
55.292	0.694883
55.3234	0.766473
55.3549	0.837378
55.3863	0.907525
55.4177	0.976846
55.4491	1.04527
55.4805	1.11273
55.5119	1.17916
55.5434	1.24449
55.5748	1.30866
55.6062	1.3716
55.6376	1.43325
55.669	1.49354
55.7004	1.55242
55.7319	1.60983
55.7633	1.6657
55.7947	1.71999
55.8261	1.77263
55.8575	1.82357
55.8889	1.87276
55.9203	1.92016
55.9518	1.9657
55.9832	2.00935
56.0146	2.05106
56.046	2.09079
56.0774	2.12849
56.1088	2.16413
56.1403	2.19767
56.1717	2.22907
56.2031	2.25831
56.2345	2.28534
56.2659	2.31014
56.2973	2.33269
56.3288	2.35296
56.3602	2.37093
56.3916	2.38657
56.423	2.39988
56.4544	2.41083
56.4858	2.41941
56.5173	2.42561
56.5487	2.42942
56.5801	2.43084
56.6115	2.42986
56.6429	2.42649
56.6743	2.42071
56.7057	2.41254
56.7372	2.40198
56.7686	2.38904
56.8	2.37373
56.8314	2.35606
56.8628	2.33604
56.8942	2.31371
56.9257	2.28906
56.9571	2.26214
56.9885	2.23295
57.0199	2.20153
57.0513	2.16791
57.0827	2.13212
57.1142	2.09418
57.1456	2.05414
57.177	2.01204
57.2084	1.9679
57.2398	1.92178
57.2712	1.87372
57.3027	1.82376
57.3341	1.77196
57.3655	1.71835
57.3969	1.66299
57.4283	1.60594
57.4597	1.54725
57.4911	1.48697
57.5226	1.42516
57.554	1.36189
57.5854	1.29721
57.6168	1.23118
57.6482	1.16388
57.6796	1.09536
57.7111	1.02569
57.7425	0.954944
57.7739	0.883183
57.8053	0.810479
57.8367	0.736903
57.8681	0.662528
57.8996	0.587425
57.931	0.511669
57.9624	0.435332
57.9938	0.358491
58.0252	0.28122
58.0566	0.203595
58.088	0.125692
58.1195	0.0475888
58.1509	-0.0306386
58.1823	-0.108913
58.2137	-0.187157
58.2451	-0.265294
58.2765	-0.343246
58.308	-0.420936
58.3394	-0.498287
58.3708	-0.575223
58.4022	-0.651667
58.4336	-0.727544
58.465	-0.802777
58.4965	-0.877292
58.5279	-0.951015
58.5593	-1.02387
58.5907	-1.09579
58.6221	-1.1667
58.6535	-1.23652
58.685	-1.3052
58.7164	-1.37265
58.7478	-1.43882
58.7792	-1.50363
58.8106	-1.56702
58.842	-1.62893
58.8734	-1.68929
58.9049	-1.74805
58.9363	-1.80513
58.9677	-1.86049
58.9991	-1.91407
59.0305	-1.96581
59.0619	-2.01567
59.0934	-2.06358
59.1248	-2.10951
59.1562	-2.15339
59.1876	-2.1952
59.219	-2.23488
59.2504	-2.27239
59.2819	-2.3077
59.3133	-2.34076
59.3447	-2.37155
59.3761	-2.40003
59.4075	-2.42617
59.4389	-2.44993
59.4703	-2.47131
59.5018	-2.49026
59.5332	-2.50678
59.5646	-2.52084
59.596	-2.53242
59.6274	-2.54152
59.6588	-2.54812
59.6903	-2.5522
59.7217	-2.55378
59.7531	-2.55283
59.7845	-2.54937
59.8159	-2.54338
59.8473	-2.53488
59.8788	-2.52387
59.9102	-2.51036
59.9416	-2.49435
59.973	-2.47587
60.0044	-2.45493
60.0358	-2.43154
60.0673	-2.40573
60.0987	-2.37752
60.1301	-2.34693
60.1615	-2.314
60.1929	-2.27876
60.2243	-2.24122
60.2557	-2.20144
60.2872	-2.15945
60.3186	-2.11529
60.35	-2.06899
60.3814	-2.02061
60.4128	-1.97018
60.4442	-1.91776
60.4757	-1.8634
60.5071	-1.80714
60.5385	-1.74904
60.5699	-1.68916
60.6013	-1.62756
60.6327	-1.56428
60.6642	-1.4994
60.6956	-1.43298
60.727	-1.36508
60.7584	-1.29576
60.7898	-1.22509
60.8212	-1.15315
60.8526	-1.08
60.8841	-1.0057
60.9155	-0.930348
60.9469	-0.853998
60.9783	-0.77673
61.0097	-0.698619
61.0411	-0.619742
61.0726	-0.540175
61.104	-0.459997
61.1354	-0.379285
61.1668	-0.298119
61.1982	-0.216579
61.2296	-0.134745
61.2611	-0.052697
61.2925	0.029484
61.3239	0.111717
61.3553	0.193921
61.3867	0.276014
61.4181	0.357917
61.4496	0.439547
61.481	0.520823
61.5124	0.601666
61.5438	0.681995
61.5752	0.76173
61.6066	0.840791
61.638	0.919101
61.6695	0.996582
61.7009	1.07315
61.7323	1.14874
61.7637	1.22327
61.7951	1.29667
61.8265	1.36886
61.858	1.43977
61.8894	1.50933
61.9208	1.57747
61.9522	1.64411
61.9836	1.7092
62.015	1.77267
62.0465	1.83445
62.0779	1.89449
62.1093	1.95271
62.1407	2.00906
62.1721	2.06348
62.2035	2.11592
62.235	2.16633
62.2664	2.21465
62.2978	2.26082
62.3292	2.30482
62.3606	2.34658
62.392	2.38606
62.4234	2.42323
62.4549	2.45805
62.4863	2.49047
62.5177	2.52047
62.5491	2.54801
62.5805	2.57306
62.6119	2.5956
62.6434	2.6156
62.6748	2.63304
62.7062	2.64789
62.7376	2.66015
62.769	2.66979
62.8004	2.67681
62.8319	2.68119
